0.306016
0.279402
0.280256
0.294278
0.278877
0.263937
0.288104
0.266475
0.304506
0.257740
0.275538
0.343105
0.306651
0.356586
0.296893
0.303894
0.336447
0.285953
0.301390
0.290170
0.289519
0.304393
0.290246
0.282050
0.326585
0.327274
0.293608
0.284710
0.346737
0.321375
0.283912
0.276261
0.290359
0.310440
0.265417
0.340915
0.272787
0.284193
0.278599
0.327268
0.340680
0.279199
0.355647
0.330298
0.349198
0.334457
0.272379
0.335933
0.346995
0.340100
0.321610
0.353281
0.300045
0.303012
0.306625
0.336645
0.305292
0.271737
0.278780
0.304104
0.366572
0.313912
0.301334
0.326293
0.310121
0.361414
0.318044
0.332647
0.337587
0.320709
0.302611
0.341863
0.347734
